{
  "advancedEditorSelectedIdentifier" : "ProjectBrowser",
  "openSceneRelativePaths" : [
    "RGScene.usda"
  ],
  "recentIdentifiers" : {
    "609FA91B-E7F4-47C2-8349-FCC99E4FA1F5" : [

    ],
    "CAB6A987-8C69-4732-B457-CCBB4B1ACEA1" : [

    ]
  },
  "sceneCameraHistory" : {
    "609FA91B-E7F4-47C2-8349-FCC99E4FA1F5" : [
      {
        "date" : 767730938.114653,
        "title" : "Untitled",
        "transform" : [
          0.76329464,
          -1.1669272e-08,
          -0.64605045,
          0,
          0.038041364,
          0.99826485,
          0.04494503,
          0,
          0.64492947,
          -0.058883026,
          0.7619703,
          0,
          1.5181011,
          0.59464,
          4.8083572,
          1
        ]
      },
      {
        "date" : 767730244.428701,
        "title" : "Untitled",
        "transform" : [
          0.76329464,
          -1.1669272e-08,
          -0.64605045,
          0,
          0.038041364,
          0.99826485,
          0.04494503,
          0,
          0.64492947,
          -0.058883026,
          0.7619703,
          0,
          -0.559622,
          0.18527767,
          2.0145016,
          1
        ]
      },
      {
        "date" : 767730239.745905,
        "title" : "Untitled",
        "transform" : [
          0.16118217,
          -6.31967e-09,
          -0.98692465,
          0,
          -0.89102787,
          0.42999187,
          -0.14552054,
          0,
          0.4243697,
          0.9028327,
          0.06930704,
          0,
          -0.9923222,
          1.0655853,
          1.2498027,
          1
        ]
      },
      {
        "date" : 767730237.286689,
        "title" : "Untitled",
        "transform" : [
          0.16118217,
          -6.31967e-09,
          -0.98692465,
          0,
          -0.89102787,
          0.42999187,
          -0.14552054,
          0,
          0.4243697,
          0.9028327,
          0.06930704,
          0,
          -1.1770656,
          1.1601837,
          1.1487032,
          1
        ]
      },
      {
        "date" : 767730230.229199,
        "title" : "Untitled",
        "transform" : [
          0.16118217,
          -6.31967e-09,
          -0.98692465,
          0,
          -0.891028,
          0.42999193,
          -0.14552055,
          0,
          0.4243697,
          0.9028327,
          0.06930704,
          0,
          2.7317462,
          2.6405842,
          2.6980927,
          1
        ]
      },
      {
        "date" : 767729631.859628,
        "title" : "Untitled",
        "transform" : [
          0.14813393,
          -6.335666e-09,
          -0.9889674,
          0,
          -0.8887933,
          0.4385467,
          -0.13312922,
          0,
          0.43370843,
          0.8987085,
          0.06496366,
          0,
          2.7763367,
          2.601135,
          2.6495452,
          1
        ]
      },
      {
        "date" : 767729195.728528,
        "title" : "Untitled",
        "transform" : [
          0.984722,
          5.021072e-09,
          -0.17413391,
          0,
          -0.0540682,
          0.9505741,
          -0.30575407,
          0,
          0.16552721,
          0.31049782,
          0.93605125,
          0,
          0.34862655,
          0.70165485,
          3.9414306,
          1
        ]
      },
      {
        "date" : 767729187.358773,
        "title" : "Untitled",
        "transform" : [
          0.984722,
          5.021072e-09,
          -0.17413391,
          0,
          -0.0540682,
          0.9505741,
          -0.30575407,
          0,
          0.16552721,
          0.31049782,
          0.93605125,
          0,
          0.42189455,
          0.83909214,
          4.355759,
          1
        ]
      },
      {
        "date" : 767729180.965865,
        "title" : "Untitled",
        "transform" : [
          0.984722,
          5.021072e-09,
          -0.17413391,
          0,
          -0.0540682,
          0.9505741,
          -0.30575407,
          0,
          0.16552721,
          0.31049782,
          0.93605125,
          0,
          -2.1232107,
          3.6196542,
          10.866701,
          1
        ]
      },
      {
        "date" : 767729175.43409,
        "title" : "Untitled",
        "transform" : [
          0.8180578,
          5.1669566e-09,
          -0.57513607,
          0,
          -0.16885124,
          0.955933,
          -0.24016938,
          0,
          0.5497916,
          0.2935849,
          0.78200847,
          0,
          5.167145,
          4.910366,
          13.994557,
          1
        ]
      }
    ],
    "AF09ED6F-1707-48FD-8720-65B998362C09" : [
      {
        "date" : 767599095.016873,
        "title" : "Untitled",
        "transform" : [
          0.99999994,
          0,
          -0,
          0,
          -0,
          0.8660248,
          -0.50000113,
          0,
          0,
          0.50000113,
          0.8660248,
          0,
          0,
          3.4787512,
          3.9080346,
          1
        ]
      }
    ],
    "CAB6A987-8C69-4732-B457-CCBB4B1ACEA1" : [
      {
        "date" : 767605048.866375,
        "title" : "Untitled",
        "transform" : [
          -0.9516828,
          1.1511635e-07,
          -0.3070828,
          0,
          -0.08580199,
          0.9601718,
          0.26591,
          0,
          0.29485226,
          0.27941027,
          -0.91377896,
          0,
          0.13675822,
          0.37504855,
          -1.3286127,
          1
        ]
      },
      {
        "date" : 767605044.624435,
        "title" : "Untitled",
        "transform" : [
          -0.9516828,
          1.1511635e-07,
          -0.3070828,
          0,
          -0.08580199,
          0.9601718,
          0.26591,
          0,
          0.29485226,
          0.27941027,
          -0.91377896,
          0,
          -0.34370488,
          0.37504855,
          -1.4836454,
          1
        ]
      },
      {
        "date" : 767605041.612903,
        "title" : "Untitled",
        "transform" : [
          -0.99088824,
          1.1839563e-07,
          -0.13468678,
          0,
          -0.01704327,
          0.9919614,
          0.1253879,
          0,
          0.1336041,
          0.1265409,
          -0.9829229,
          0,
          -0.5938933,
          0.1671162,
          -1.4419991,
          1
        ]
      },
      {
        "date" : 767605038.690807,
        "title" : "Untitled",
        "transform" : [
          -0.9961891,
          1.1828792e-07,
          -0.08721943,
          0,
          -0.008991264,
          0.9946721,
          0.102696344,
          0,
          0.086754754,
          0.1030892,
          -0.99088156,
          0,
          -0.66118634,
          0.13681763,
          -1.3916963,
          1
        ]
      },
      {
        "date" : 767604812.853525,
        "title" : "Untitled",
        "transform" : [
          -0.9961891,
          1.1828792e-07,
          -0.08721943,
          0,
          -0.008991264,
          0.9946721,
          0.102696344,
          0,
          0.086754754,
          0.1030892,
          -0.99088156,
          0,
          0.013440829,
          0.013073851,
          -0.1555341,
          1
        ]
      },
      {
        "date" : 767604802.761684,
        "title" : "Untitled",
        "transform" : [
          -0.9961891,
          1.1828792e-07,
          -0.08721943,
          0,
          -0.008991264,
          0.9946721,
          0.102696344,
          0,
          0.086754754,
          0.1030892,
          -0.99088156,
          0,
          0.013440847,
          0.013073862,
          -0.15553409,
          1
        ]
      },
      {
        "date" : 767603327.821218,
        "title" : "Untitled",
        "transform" : [
          -0.99618906,
          1.19192535e-07,
          -0.08721943,
          0,
          -0.008991256,
          0.9946722,
          0.10269635,
          0,
          0.0867547,
          0.10308919,
          -0.9908815,
          0,
          -0.39914545,
          0.092261344,
          -0.57222295,
          1
        ]
      },
      {
        "date" : 767603196.988145,
        "title" : "Untitled",
        "transform" : [
          -0.96496344,
          1.19165314e-07,
          -0.26238415,
          0,
          -0.015985722,
          0.99814224,
          0.058790762,
          0,
          0.2618967,
          0.06092534,
          -0.9631709,
          0,
          -0.19675449,
          0.04804727,
          -0.6482482,
          1
        ]
      },
      {
        "date" : 767603173.656593,
        "title" : "Untitled",
        "transform" : [
          0.017587746,
          1.2257296e-07,
          0.9998453,
          0,
          0.9992362,
          0.03489944,
          -0.017577056,
          0,
          -0.03489405,
          0.99939084,
          0.00061369204,
          0,
          -0.044647947,
          1.0561408,
          0.9920043,
          1
        ]
      },
      {
        "date" : 767603169.354755,
        "title" : "Untitled",
        "transform" : [
          0.01758785,
          1.3555571e-09,
          0.9998454,
          0,
          0.9992363,
          0.03489946,
          -0.017577052,
          0,
          -0.03489412,
          0.99939084,
          0.0006137373,
          0,
          -0.17342046,
          1.4585184,
          0.52078307,
          1
        ]
      }
    ]
  },
  "selectedSceneRelativePath" : "Untitled Scene.usda"
}