{
  "advancedEditorSelectedIdentifier" : "ProjectBrowser",
  "openSceneRelativePaths" : [
    "Untitled Scene.usda"
  ],
  "recentIdentifiers" : {
    "CAB6A987-8C69-4732-B457-CCBB4B1ACEA1" : [

    ]
  },
  "sceneCameraHistory" : {
    "AF09ED6F-1707-48FD-8720-65B998362C09" : [
      {
        "date" : 767599095.016873,
        "title" : "Untitled",
        "transform" : [
          0.99999994,
          0,
          -0,
          0,
          -0,
          0.8660248,
          -0.50000113,
          0,
          0,
          0.50000113,
          0.8660248,
          0,
          0,
          3.4787512,
          3.9080346,
          1
        ]
      }
    ],
    "CAB6A987-8C69-4732-B457-CCBB4B1ACEA1" : [
      {
        "date" : 767605048.866375,
        "title" : "Untitled",
        "transform" : [
          -0.9516828,
          1.1511635e-07,
          -0.3070828,
          0,
          -0.08580199,
          0.9601718,
          0.26591,
          0,
          0.29485226,
          0.27941027,
          -0.91377896,
          0,
          0.13675822,
          0.37504855,
          -1.3286127,
          1
        ]
      },
      {
        "date" : 767605044.624435,
        "title" : "Untitled",
        "transform" : [
          -0.9516828,
          1.1511635e-07,
          -0.3070828,
          0,
          -0.08580199,
          0.9601718,
          0.26591,
          0,
          0.29485226,
          0.27941027,
          -0.91377896,
          0,
          -0.34370488,
          0.37504855,
          -1.4836454,
          1
        ]
      },
      {
        "date" : 767605041.612903,
        "title" : "Untitled",
        "transform" : [
          -0.99088824,
          1.1839563e-07,
          -0.13468678,
          0,
          -0.01704327,
          0.9919614,
          0.1253879,
          0,
          0.1336041,
          0.1265409,
          -0.9829229,
          0,
          -0.5938933,
          0.1671162,
          -1.4419991,
          1
        ]
      },
      {
        "date" : 767605038.690807,
        "title" : "Untitled",
        "transform" : [
          -0.9961891,
          1.1828792e-07,
          -0.08721943,
          0,
          -0.008991264,
          0.9946721,
          0.102696344,
          0,
          0.086754754,
          0.1030892,
          -0.99088156,
          0,
          -0.66118634,
          0.13681763,
          -1.3916963,
          1
        ]
      },
      {
        "date" : 767604812.853525,
        "title" : "Untitled",
        "transform" : [
          -0.9961891,
          1.1828792e-07,
          -0.08721943,
          0,
          -0.008991264,
          0.9946721,
          0.102696344,
          0,
          0.086754754,
          0.1030892,
          -0.99088156,
          0,
          0.013440829,
          0.013073851,
          -0.1555341,
          1
        ]
      },
      {
        "date" : 767604802.761684,
        "title" : "Untitled",
        "transform" : [
          -0.9961891,
          1.1828792e-07,
          -0.08721943,
          0,
          -0.008991264,
          0.9946721,
          0.102696344,
          0,
          0.086754754,
          0.1030892,
          -0.99088156,
          0,
          0.013440847,
          0.013073862,
          -0.15553409,
          1
        ]
      },
      {
        "date" : 767603327.821218,
        "title" : "Untitled",
        "transform" : [
          -0.99618906,
          1.19192535e-07,
          -0.08721943,
          0,
          -0.008991256,
          0.9946722,
          0.10269635,
          0,
          0.0867547,
          0.10308919,
          -0.9908815,
          0,
          -0.39914545,
          0.092261344,
          -0.57222295,
          1
        ]
      },
      {
        "date" : 767603196.988145,
        "title" : "Untitled",
        "transform" : [
          -0.96496344,
          1.19165314e-07,
          -0.26238415,
          0,
          -0.015985722,
          0.99814224,
          0.058790762,
          0,
          0.2618967,
          0.06092534,
          -0.9631709,
          0,
          -0.19675449,
          0.04804727,
          -0.6482482,
          1
        ]
      },
      {
        "date" : 767603173.656593,
        "title" : "Untitled",
        "transform" : [
          0.017587746,
          1.2257296e-07,
          0.9998453,
          0,
          0.9992362,
          0.03489944,
          -0.017577056,
          0,
          -0.03489405,
          0.99939084,
          0.00061369204,
          0,
          -0.044647947,
          1.0561408,
          0.9920043,
          1
        ]
      },
      {
        "date" : 767603169.354755,
        "title" : "Untitled",
        "transform" : [
          0.01758785,
          1.3555571e-09,
          0.9998454,
          0,
          0.9992363,
          0.03489946,
          -0.017577052,
          0,
          -0.03489412,
          0.99939084,
          0.0006137373,
          0,
          -0.17342046,
          1.4585184,
          0.52078307,
          1
        ]
      }
    ]
  },
  "selectedSceneRelativePath" : "Untitled Scene.usda"
}